dsa=[
3.14159265E+000, 3.60481906E+000, -6.36374295E-001
3.17069905E+000, 3.59947729E+000, -6.40537024E-001
3.20007512E+000, 3.59413648E+000, -6.44687295E-001
3.22972334E+000, 3.58879662E+000, -6.48825049E-001
3.25964626E+000, 3.58345771E+000, -6.52950346E-001
3.28984641E+000, 3.57811975E+000, -6.57063186E-001
3.32032635E+000, 3.57278275E+000, -6.61163628E-001
3.35108869E+000, 3.56744671E+000, -6.65251613E-001
3.38213604E+000, 3.56211185E+000, -6.69327259E-001
3.41347104E+000, 3.55677772E+000, -6.73390508E-001
3.44509635E+000, 3.55144477E+000, -6.77441359E-001
3.47701467E+000, 3.54611278E+000, -6.81479931E-001
3.50922870E+000, 3.54078197E+000, -6.85506105E-001
3.54174119E+000, 3.53545213E+000, -6.89520001E-001
3.57455491E+000, 3.53012347E+000, -6.93521619E-001
3.60767264E+000, 3.52479577E+000, -6.97510898E-001
3.64109720E+000, 3.51946950E+000, -7.01487958E-001
3.67483143E+000, 3.51414418E+000, -7.05452800E-001
3.70887821E+000, 3.50881982E+000, -7.09405363E-001
3.74324042E+000, 3.50349689E+000, -7.13345766E-001
3.77792100E+000, 3.49817514E+000, -7.17273891E-001
3.81292289E+000, 3.49285436E+000, -7.21189916E-001
3.84824906E+000, 3.48753500E+000, -7.25093782E-001
3.88390253E+000, 3.48221684E+000, -7.28985429E-001
3.91988632E+000, 3.47689986E+000, -7.32865036E-001
3.95620349E+000, 3.47158432E+000, -7.36732483E-001
3.99285714E+000, 3.46626997E+000, -7.40587831E-001
4.02985038E+000, 3.46095681E+000, -7.44431078E-001
4.06718636E+000, 3.45564485E+000, -7.48262346E-001
4.10486825E+000, 3.44956470E+000, -7.52113044E-001
4.14289925E+000, 3.44246340E+000, -7.55990028E-001
4.18128261E+000, 3.43536854E+000, -7.59849548E-001
4.22002158E+000, 3.42828012E+000, -7.63691783E-001
4.25911947E+000, 3.42119813E+000, -7.67516732E-001
4.29857959E+000, 3.41412282E+000, -7.71324456E-001
4.33840530E+000, 3.40705395E+000, -7.75114894E-001
4.37859999E+000, 3.39999151E+000, -7.78888166E-001
4.41916708E+000, 3.39293575E+000, -7.82644331E-001
4.46011002E+000, 3.38588643E+000, -7.86383390E-001
4.50143229E+000, 3.37884402E+000, -7.90105402E-001
4.54313740E+000, 3.37180805E+000, -7.93810427E-001
4.58522891E+000, 3.36477852E+000, -7.97498405E-001
4.62771039E+000, 3.35775590E+000, -8.01169515E-001
4.67058545E+000, 3.35073972E+000, -8.04823697E-001
4.71385774E+000, 3.34373021E+000, -8.08461010E-001
4.75753094E+000, 3.33672762E+000, -8.12081456E-001
4.80160877E+000, 3.32973146E+000, -8.15685213E-001
4.84609498E+000, 3.32274199E+000, -8.19272161E-001
4.89099334E+000, 3.31575942E+000, -8.22842419E-001
4.93630768E+000, 3.30878353E+000, -8.26395988E-001
4.98204185E+000, 3.30181432E+000, -8.29932988E-001
5.02819974E+000, 3.29485178E+000, -8.33453357E-001
5.07478528E+000, 3.28789616E+000, -8.36957216E-001
5.12180243E+000, 3.28094721E+000, -8.40444565E-001
5.16925518E+000, 3.27400517E+000, -8.43915403E-001
5.21714757E+000, 3.26707006E+000, -8.47369850E-001
5.26548369E+000, 3.26014137E+000, -8.50807846E-001
5.31426762E+000, 3.25321984E+000, -8.54229510E-001
5.36350354E+000, 3.24527359E+000, -8.55720460E-001
5.41319562E+000, 3.23717165E+000, -8.56881559E-001
5.46334808E+000, 3.22908688E+000, -8.58032346E-001
5.51396521E+000, 3.22101927E+000, -8.59172821E-001
5.56505129E+000, 3.21296859E+000, -8.60303104E-001
5.61661068E+000, 3.20493507E+000, -8.61423194E-001
5.66864776E+000, 3.19691825E+000, -8.62533152E-001
5.72116695E+000, 3.18891859E+000, -8.63632977E-001
5.77417273E+000, 3.18093586E+000, -8.64722788E-001
5.82766960E+000, 3.17297006E+000, -8.65802526E-001
5.88166211E+000, 3.16502094E+000, -8.66872251E-001
5.93615485E+000, 3.15708876E+000, -8.67932081E-001
5.99115246E+000, 3.14917326E+000, -8.68981957E-001
6.04665961E+000, 3.14127469E+000, -8.70021939E-001
6.10268103E+000, 3.13339281E+000, -8.71052086E-001
6.15922148E+000, 3.12552786E+000, -8.72072458E-001
6.21628577E+000, 3.11767936E+000, -8.73083055E-001
6.27387875E+000, 3.10984755E+000, -8.74083936E-001
6.33200532E+000, 3.10203242E+000, -8.75075102E-001
6.39067043E+000, 3.09423399E+000, -8.76056612E-001
6.44987905E+000, 3.08645201E+000, -8.77028525E-001
6.50963624E+000, 3.07868671E+000, -8.77990901E-001
6.56994707E+000, 3.07093787E+000, -8.78943682E-001
6.63081667E+000, 3.06320548E+000, -8.79886985E-001
6.69225022E+000, 3.05548954E+000, -8.80820811E-001
6.75425295E+000, 3.04779029E+000, -8.81745219E-001
6.81683011E+000, 3.04010725E+000, -8.82660270E-001
6.87998705E+000, 3.03244066E+000, -8.83565903E-001
6.94372913E+000, 3.02523756E+000, -8.83992136E-001
7.00806177E+000, 3.01916599E+000, -8.83239448E-001
7.07299044E+000, 3.01310635E+000, -8.82486343E-001
7.13852066E+000, 3.00705838E+000, -8.81732762E-001
7.20465801E+000, 3.00102258E+000, -8.80978763E-001
7.27140812E+000, 2.99499822E+000, -8.80224288E-001
7.33877665E+000, 2.98898578E+000, -8.79469395E-001
7.40676935E+000, 2.98298526E+000, -8.78714144E-001
7.47539199E+000, 2.97699618E+000, -8.77958417E-001
7.54465040E+000, 2.97101903E+000, -8.77202272E-001
7.61455049E+000, 2.96505356E+000, -8.76445711E-001
7.68509819E+000, 2.95909953E+000, -8.75688791E-001
7.75629950E+000, 2.95315742E+000, -8.74931455E-001
7.82816049E+000, 2.94722676E+000, -8.74173701E-001
7.90068725E+000, 2.94130778E+000, -8.73415530E-001
7.97388597E+000, 2.93540025E+000, -8.72657001E-001
8.04776286E+000, 2.92950439E+000, -8.71898115E-001
8.12232420E+000, 2.92361999E+000, -8.71138811E-001
8.19757635E+000, 2.91774726E+000, -8.70379150E-001
8.27352570E+000, 2.91188574E+000, -8.69619071E-001
8.35017871E+000, 2.90603590E+000, -8.68858695E-001
8.42754190E+000, 2.90019751E+000, -8.68097901E-001
8.50562185E+000, 2.89437056E+000, -8.67336750E-001
8.58442519E+000, 2.88855481E+000, -8.66575301E-001
8.66395864E+000, 2.88275075E+000, -8.65813434E-001
8.74422895E+000, 2.87695789E+000, -8.65051270E-001
8.82524296E+000, 2.87117624E+000, -8.64288747E-001
8.90700755E+000, 2.86540604E+000, -8.63525867E-001
8.98952967E+000, 2.85964704E+000, -8.62762690E-001
9.07281635E+000, 2.85407162E+000, -8.61343920E-001
9.15687467E+000, 2.84857559E+000, -8.59665751E-001
9.24171178E+000, 2.84309030E+000, -8.57990861E-001
9.32733489E+000, 2.83761549E+000, -8.56319308E-001
9.41375129E+000, 2.83215117E+000, -8.54650915E-001
9.50096832E+000, 2.82669759E+000, -8.52985859E-001
9.58899341E+000, 2.82125425E+000, -8.51323962E-001
9.67783403E+000, 2.81582141E+000, -8.49665344E-001
9.76749775E+000, 2.81039929E+000, -8.48009944E-001
9.85799220E+000, 2.80498743E+000, -8.46357822E-001
9.94932506E+000, 2.79958582E+000, -8.44708860E-001
1.00415041E+001, 2.79419494E+000, -8.43063116E-001
1.01345372E+001, 2.78881431E+000, -8.41420591E-001
1.02284322E+001, 2.78344393E+000, -8.39781284E-001
1.03231971E+001, 2.77808404E+000, -8.38145137E-001
1.04188400E+001, 2.77273440E+000, -8.36512208E-001
1.05153691E+001, 2.76739502E+000, -8.34882438E-001
1.06127924E+001, 2.76206589E+000, -8.33255827E-001
1.07111184E+001, 2.75674725E+000, -8.31632376E-001
1.08103553E+001, 2.75143862E+000, -8.30012143E-001
1.09105117E+001, 2.74614024E+000, -8.28395069E-001
1.10115960E+001, 2.74085212E+000, -8.26781094E-001
1.11136168E+001, 2.73557425E+000, -8.25170279E-001
1.12165829E+001, 2.73030639E+000, -8.23562622E-001
1.13205029E+001, 2.72504878E+000, -8.21958065E-001
1.14253857E+001, 2.71980143E+000, -8.20356667E-001
1.15312402E+001, 2.71456385E+000, -8.18758368E-001
1.16380755E+001, 2.70933676E+000, -8.17163169E-001
1.17459006E+001, 2.70436978E+000, -8.15540552E-001
1.18547246E+001, 2.70091248E+000, -8.13738048E-001
1.19645569E+001, 2.69745922E+000, -8.11938882E-001
1.20754068E+001, 2.69401002E+000, -8.10143054E-001
1.21872837E+001, 2.69056535E+000, -8.08350563E-001
1.23001971E+001, 2.68712473E+000, -8.06561351E-001
1.24141566E+001, 2.68368816E+000, -8.04775476E-001
1.25291719E+001, 2.68025613E+000, -8.02992880E-001
1.26452529E+001, 2.67682815E+000, -8.01213562E-001
1.27624093E+001, 2.67340422E+000, -7.99437582E-001
1.28806512E+001, 2.66998458E+000, -7.97664881E-001
1.29999885E+001, 2.66656923E+000, -7.95895517E-001
1.31204315E+001, 2.66315794E+000, -7.94129372E-001
