% A = [ 0 1 0 ; 77.64 0 0 ; 0 0 0];
% B = [ 0 ; -0.9278 ; 143.7745];
% 
% K = [-245.3499 -23.1081 -0.0448];

A = [ 0 1 0 0 ; 77.64 0 0 0 ; 0 0 0 1 ; 0 0 0 0 ];
B = [ 0 ; -0.9278 ; 0 ; 143.7745];

K =  [ -245.3499 -23.1081 0 -0.0448];

C = A-(B*K);
x = C\zeros(4,1)
%x = linsolve(C,zeros(3,1))

-245.3499*((77.64+0.9278)/(.9278)-1)
